0.0107536
0.0107198
0.0106859
0.0106518
0.0106154
0.0105808
0.0105464
0.0105139
0.0104798
0.0104448
0.0104117
0.0103796
0.0103453
0.0103128
0.0102797
0.0102478
0.0102152
0.0101822
0.0101504
0.010119
0.0100862
0.0100564
0.0100242
0.00999343
0.00996258
0.00993202
0.00989963
0.00986827
0.00983774
0.00980503
0.00977462
0.00974474
0.00971451
0.00968576
0.00965595
0.00962606
0.00959537
0.00956501
0.00953484
0.00950505
0.00947582
0.00944425
0.00941315
0.00938366
0.00935488
0.00932688
0.00929777
0.00926824
0.009239
0.00921225
0.00918551
0.00915654
0.00912702
0.00910015
0.00907292
0.0090451
0.0090184
0.00898905
0.00896236
0.00893377
0.00890683
0.00888093
0.00885206
0.0088263
0.00880072
0.00877502
0.00874763
0.00872094
0.00869423
0.0086672
0.00863972
0.0086146
0.00858953
0.00856138
0.00853569
0.00850902
0.00848391
0.00845895
0.00843405
0.00840724
0.00838104
0.00835618
0.00833026
0.00830441
0.00827993
0.00825478
0.00823015
0.00820406
0.00817919
0.00815594
0.00813102
0.00810564
0.00808152
0.00805714
0.00803338
0.00800948
0.00798684
0.00796366
0.00794072
0.00791657
0.00789156
0.00786859
0.00784551
0.00782238
0.00779865
0.00777421
0.00775114
0.00772813
0.0077043
0.00768127
0.00765737
0.00763229
0.00760882
0.00758561
0.0075625
0.00754109
0.00751861
0.00749502
0.0074723
0.00744936
0.00742504
0.00740197
0.00737979
0.00735761
0.00733548
0.00731376
0.00729208
0.00727015
0.00725047
0.0072288
0.00720827
0.00718655
0.00716596
0.00714441
0.00712346
0.00710173
0.00708128
0.00706177
0.00704111
0.00702109
0.00699972
0.00697846
0.00695804
0.00693711
0.00691845
0.00689939
0.00687997
0.00686014
0.00684012
0.00682112
0.00680242
0.00678217
0.00676254
0.00674325
0.00672382
0.00670378
0.00668414
0.00666484
0.00664629
0.00662777
0.00660881
0.0065895
0.00657015
0.0065496
0.00653151
0.00651142
0.00649299
0.00647589
0.00645755
0.00643811
0.00642054
0.00640178
0.00638425
0.00636526
0.00634764
0.00633007
0.00631032
0.00629178
0.0062715
0.00625357
0.00623695
0.00621953
0.00620171
0.00618316
0.00616333
0.00614463
0.00612762
0.00610938
0.00609262
0.00607547
0.0060587
0.0060409
0.00602462
0.00600793
0.00599227
0.00597513
0.00595811
0.00594114
0.00592399
0.00590713
0.00589064
0.00587281
0.00585572
0.00584026
0.00582305
0.00580609
0.00578969
0.00577375
0.0057587
0.00574301
0.00572774
0.00571249
0.00569584
0.00567992
0.00566513
0.00564899
0.00563383
0.00561819
0.00560168
0.00558735
0.0055708
0.00555495
0.00553833
0.00552346
0.00550777
0.00549298
0.00547952
0.00546332
0.00544867
0.00543307
0.00541816
0.00540304
0.00538868
0.00537434
0.00536119
0.00534626
0.00533179
0.00531646
0.00530065
0.00528592
0.00527286
0.00525867
0.00524532
0.00523062
0.00521484
0.00520016
0.00518589
0.00517245
0.00515876
0.00514526
0.00513087
0.0051174
0.00510264
0.00508885
0.00507484
0.00506085
0.0050465
0.00503311
0.00501955
0.00500672
0.00499321
0.00497909
0.00496671
0.00495347
0.00493947
0.00492541
0.00491209
0.00489972
0.00488638
0.00487205
0.0048591
0.00484597
0.00483347
0.00482188
0.00480851
0.00479594
0.00478288
0.00477044
0.00475779
0.00474596
0.00473488
0.00472416
0.00471216
0.0046994
0.00468665
0.00467399
0.00466092
0.00464771
0.00463598
0.00462341
0.00461143
0.00459979
0.00458662
0.00457475
0.00456246
0.00455074
0.00453917
0.00452691
0.00451538
0.00450355
0.00449091
0.00448007
0.00446847
0.00445636
0.00444433
0.00443358
0.00442271
0.00441164
0.00439979
0.00438877
0.00437753
0.00436664
0.00435652
0.00434594
0.00433463
0.00432269
0.00431154
0.00430183
0.00429105
0.00427964
0.0042687
0.00425834
0.00424814
0.00423848
0.00422857
0.00421804
0.00420733
0.00419743
0.00418853
0.00417946
0.00416888
0.00415891
0.00414866
0.00413891
0.00412862
0.00411867
0.00410811
0.00409694
0.00408727
0.00407635
0.00406706
0.00405543
0.00404517
0.00403616
0.00402656
0.00401633
0.00400706
0.00399571
0.00398494
0.0039752
0.00396574
0.00395619
0.00394703
0.00393801
0.00392954
0.00391959
0.00390909
0.00389992
0.00389043
0.00388086
0.00387116
0.00386183
0.00385254
0.00384388
0.00383456
0.00382557
0.0038168
0.00380627
0.00379793
0.00378843
0.0037794
0.00376982
0.00376047
0.00375102
0.00374222
0.00373242
0.00372376
0.00371521
0.00370634
0.00369681
0.00368803
0.00367826
0.00366805
0.00366004
0.00365069
0.00364187
0.00363254
0.00362384
0.00361548
0.00360722
0.00359841
0.00359012
0.00358098
0.00357354
0.00356589
0.00355744
0.00354918
0.00354136
0.00353292
0.00352461
0.00351618
0.00350826
0.00350075
0.00349262
0.00348332
0.00347534
0.00346697
0.00345882
0.00345064
0.00344289
0.00343539
0.00342736
0.00342068
0.00341319
0.00340594
0.0033971
0.00338923
0.00338212
0.0033751
0.00336792
0.00336057
0.00335342
0.00334722
0.00333971
0.00333209
0.00332345
0.0033165
0.00330902
0.00330115
0.0032933
0.00328682
0.00327906
0.0032716
0.0032647
0.00325785
0.00325093
0.00324375
0.00323583
0.00322919
0.00322219
0.00321573
0.00320855
0.00320113
0.0031942
0.00318718
0.00317945
0.00317299
0.00316624
0.00315914
0.00315239
0.00314561
0.00313909
0.00313256
0.00312501
0.00311861
0.00311148
0.00310392
0.0030974
0.0030903
0.00308436
0.00307776
0.00307155
0.00306567
0.00305963
0.0030522
0.00304531
0.00303966
0.00303404
0.00302879
0.00302196
0.00301474
0.0030094
0.00300317
0.00299715
0.00299009
0.00298416
0.00297817
0.00297179
0.00296597
0.00296042
0.0029537
0.00294704
0.00294116
0.00293523
0.0029293
0.0029223
0.00291591
0.00290958
0.0029039
0.00289813
0.00289241
0.00288635
0.00288018
0.00287483
0.00286894
0.00286356
0.00285785
0.00285269
0.00284697
0.00284138
0.00283524
0.00282966
0.00282421
0.00281889
0.00281323
0.00280724
0.00280202
0.0027969
0.00279103
0.00278533
0.00277924
0.00277364
0.00276794
0.00276237
0.00275722
0.00275261
0.00274698
0.00274141
0.00273694
0.00273129
0.00272583
0.00272035
0.00271415
0.00270839
0.00270247
0.00269761
0.00269203
0.0026864
0.00268182
0.00267594
0.00266996
0.00266473
0.00265946
0.00265499
0.00265066
0.00264585
0.00264106
0.00263548
0.00262978
0.00262419
0.00261854
0.00261368
0.00260836
0.00260362
0.00259826
0.00259316
0.00258752
0.00258261
0.00257719
0.00257215
0.00256718
0.00256222
0.00255758
0.00255217
0.00254777
0.00254275
0.00253826
0.00253333
0.0025285
0.00252425
0.00251988
0.00251495
0.00251097
0.00250621
0.00250154
0.00249575
0.00249105
0.00248653
0.00248136
0.0024772
0.00247305
0.00246816
0.00246401
0.00245969
0.00245493
0.00245027
0.00244515
0.00244138
0.00243657
0.00243203
0.00242814
0.00242358
0.00241995
0.0024147
0.00241054
0.00240582
0.00240173
0.00239738
0.0023927
0.00238839
0.00238401
0.00238027
0.00237594
0.00237156
0.00236726
0.0023628
0.00235858
0.00235469
0.00235026
0.00234641
0.00234182
0.00233776
0.00233361
0.00232947
0.00232537
0.00232161
0.00231752
0.00231393
0.00231013
0.00230628
0.0023017
0.00229787
0.00229341
0.00228994
0.0022863
0.00228227
0.00227864
0.0022742
0.00227003
0.00226654
0.00226267
0.00225851
0.00225478
0.00225027
0.002246
0.00224185
0.00223817
0.00223511
0.00223145
0.0022279
0.00222518
0.0022221
0.00221909
0.00221568
0.00221202
0.00220783
0.00220409
0.00220075
0.00219757
0.00219371
0.00218982
0.00218571
0.00218244
0.00217927
0.00217622
0.0021732
0.00216898
0.00216552
0.00216169
0.0021585
0.0021553
0.00215148
0.0021479
0.00214431
0.0021413
0.00213833
0.00213454
0.00213075
0.00212771
0.00212394
0.00211993
0.00211653
0.00211321
0.00210929
0.0021056
0.00210233
0.00209931
0.00209617
0.00209295
0.00208895
0.00208642
0.00208336
0.00207985
0.00207656
0.00207318
0.00206981
0.00206652
0.00206373
0.00206039
0.00205696
0.00205355
0.00205021
0.00204705
0.00204341
0.00204001
0.00203637
0.00203311
0.0020303
0.00202675
0.00202372
0.00202016
0.00201677
0.00201402
0.00201139
0.00200806
0.00200474
0.00200238
0.00199959
0.00199628
0.00199356
0.00199029
0.00198729
0.0019839
0.00198068
0.00197722
0.00197437
0.00197064
0.00196799
0.00196519
0.00196313
0.00196019
0.00195771
0.00195509
0.00195236
0.00194905
0.00194618
0.00194336
0.00194003
0.00193622
0.00193388
0.00193124
0.00192903
0.00192641
0.0019233
0.00192052
0.00191755
0.00191484
0.00191228
0.00190952
0.00190723
0.00190489
0.00190204
0.00189886
0.00189578
0.00189296
0.00189053
0.00188844
0.00188501
0.001882
0.00187951
0.00187715
0.00187452
0.00187193
0.00186954
0.00186699
0.0018632
0.00186002
0.00185694
0.00185447
0.00185202
0.00184986
0.00184682
0.00184391
0.00184144
0.00183885
0.00183579
0.00183273
0.00183045
0.00182827
0.00182519
0.00182281
0.00181964
0.00181637
0.00181365
0.00181102
0.00180894
0.0018065
0.00180443
0.0018016
0.00179923
0.00179645
0.00179464
0.00179199
0.00178913
0.00178702
0.00178482
0.00178273
0.00178073
0.00177856
0.00177564
0.0017739
0.00177181
0.00176979
0.00176717
0.0017643
0.00176214
0.00175945
0.00175734
0.00175477
0.00175277
0.00175049
0.00174804
0.00174597
0.00174349
0.00174132
0.00173953
0.00173765
0.00173536
0.00173364
0.00173196
0.00173005
0.00172762
0.00172601
0.00172376
0.00172164
0.00171924
0.00171693
0.00171485
0.00171289
0.00171035
0.00170835
0.00170649
0.00170425
0.00170219
0.00170003
0.00169786
0.00169583
0.00169402
0.00169194
0.00168971
0.00168712
0.00168483
0.00168262
0.00168063
0.00167915
0.00167703
0.00167521
0.00167287
0.00167122
0.00166902
0.00166746
0.00166528
0.00166301
0.00166121
0.00165957
0.0016574
0.00165549
0.0016544
0.00165286
0.00165048
0.00164837
0.00164676
0.00164492
0.0016435
0.00164132
0.00163941
0.00163783
0.00163639
0.0016345
0.0016322
0.00163109
0.00162958
0.00162746
0.00162513
0.00162352
0.00162166
0.00162034
0.00161818
0.00161565
0.00161395
0.00161233
0.00161074
0.00160905
0.00160762
0.00160579
0.00160448
0.0016025
0.00160071
0.00159934
0.00159775
0.00159583
0.00159433
0.00159241
0.00159098
0.0015891
0.00158742
0.00158589
0.00158386
0.00158189
0.00158007
0.00157799
0.00157624
0.00157463
0.00157299
0.00157146
0.00156917
0.00156742
0.00156606
0.00156409
0.00156249
0.00156082
0.00155917
0.00155705
0.00155532
0.00155364
0.00155182
0.00154999
0.0015476
0.00154568
0.0015438
0.00154248
0.00154153
0.00153987
0.00153849
0.00153705
0.00153591
0.00153419
0.00153254
0.00153095
0.00153006
0.00152813
0.0015262
0.00152468
0.00152302
0.00152146
0.00152024
0.00151839
0.00151666
0.00151489
0.00151365
0.00151196
0.00151004
0.00150867
0.00150714
0.00150566
0.00150451
0.00150291
0.0015018
0.00149999
0.00149866
0.00149723
0.00149561
0.00149429
0.0014926
0.00149092
0.0014895
0.00148802
0.00148667
0.0014851
0.00148383
0.00148245
0.00148112
0.00147936
0.001478
0.00147648
0.00147485
0.00147307
0.00147145
0.00146962
0.00146801
0.00146659
0.00146558
0.00146443
0.00146287
0.00146147
0.00146006
0.00145886
0.00145736
0.00145578
0.00145446
0.00145335
0.00145192
0.00145054
0.00144893
0.00144732
0.00144564
0.00144416
0.00144224
0.00144131
0.00143981
0.00143858
0.0014377
0.00143643
0.00143521
0.00143416
0.0014328
0.00143128
0.00143015
0.00142908
0.00142732
0.00142622
0.00142455
0.00142362
0.00142239
0.0014209
0.00141924
0.00141766
0.00141615
0.00141474
0.00141365
0.00141269
0.0014112
0.00140953
0.00140801
0.00140684
0.00140595
0.00140496
0.00140343
0.00140247
0.00140132
0.00140007
0.00139928
0.00139821
0.00139704
0.00139581
0.00139458
0.00139378
0.00139286
0.001392
0.00139082
0.00138941
0.00138764
0.00138657
0.00138553
0.00138435
0.00138343
0.00138205
0.00138091
0.00137981
0.00137884
0.00137811
0.0013771
0.00137581
0.00137494
0.00137361
0.00137257
0.00137094
0.00137009
0.0013689
0.00136732
0.00136631
0.00136517
0.00136391
0.0013624
0.00136148
0.00135998
0.00135917
0.00135785
0.00135655
0.00135531
0.00135431
0.00135282
0.00135181
0.00135062
0.00134962
0.00134868
0.00134755
0.00134657
0.00134496
0.00134406
0.00134282
0.00134189
0.00134079
0.00133902
0.00133808
0.00133722
0.00133608
0.00133503
0.00133432
0.00133345
0.00133233
0.0013315
0.00133046
0.00132923
0.00132822
0.0013275
0.00132628
0.0013248
0.00132309
0.00132209
0.0013214
0.00132066
0.00132015
0.00131884
0.00131757
0.00131641
0.00131582
0.00131445
0.0013137
0.00131319
0.00131204
0.00131134
0.00130993
0.00130887
0.00130811
0.00130696
0.00130572
0.00130475
0.00130369
0.00130279
0.00130172
0.00130115
0.00129998
0.00129904
0.00129842
0.0012971
0.0012961
0.0012951
0.00129426
0.0012933
0.00129243
0.00129167
0.00129077
0.00128996
0.00128916
0.00128824
0.00128756
0.00128707
0.00128555
0.0012841
0.00128326
0.00128213
0.00128094
0.00127986
0.00127905
0.00127825
0.00127727
0.00127625
0.0012755
0.00127423
0.00127371
0.00127318
0.00127235
0.00127148
0.00127076
0.00127021
0.00126911
0.00126805
0.00126752
0.00126702
0.00126601
0.00126487
0.00126407
0.00126285
0.00126196
0.00126109
0.00126032
0.00125917
0.00125863
0.00125789
0.00125709
0.0012563
0.00125541
0.00125467
0.00125389
0.00125332
0.00125234
0.00125154
0.00125099
0.00125008
0.0012494
0.00124898
0.00124803
0.00124816
0.0012479
0.0012473
0.00124643
0.00124611
0.00124589
0.001245
0.00124439
0.00124352
0.00124321
0.00124242
0.00124134
0.00124069
0.0012396
0.00123875
0.00123826
0.00123708
0.00123651
0.00123562
0.00123451
0.0012336
0.00123266
0.0012319
0.00123144
0.00123039
0.00122987
0.00122877
0.0012278
0.00122696
0.00122639
0.00122595
0.00122485
0.00122399
0.00122331
0.0012228
0.00122235
0.00122157
0.00122056
0.00121974
0.00121927
0.00121871
0.0012183
0.00121738
0.00121639
0.0012154
0.00121492
0.00121427
0.00121329
0.00121246
0.00121145
0.00121079
0.00120989
0.0012093
0.00120876
0.00120811
0.00120747
0.00120668
0.00120601
0.00120485
0.0012047
0.00120426
0.00120371
0.00120272
0.00120209
0.00120128
0.00120077
0.00120012
0.00119904
0.0011982
0.00119755
0.00119669
0.00119581
0.00119554
0.00119468
0.0011939
0.00119331
0.00119264
0.00119213
0.00119158
0.00119124
0.00119075
0.00119005
0.00118982
0.00118931
0.00118828
0.0011875
0.00118677
0.00118563
0.00118517
0.0011845
0.001184
0.0011834
0.00118276
0.00118188
0.00118138
0.00118147
0.00118061
0.00118004
0.00117936
0.00117862
0.00117816
0.00117756
0.00117688
0.00117606
0.00117554
0.00117456
0.00117381
0.00117286
0.00117226
0.00117157
0.00117103
0.00117019
0.00116984
0.00116915
0.00116832
0.00116755
0.00116712
0.00116631
0.00116534
0.00116477
0.00116409
0.00116323
0.001163
0.00116272
0.00116259
0.00116215
0.00116161
0.00116065
0.00116014
0.00115961
0.00115881
0.00115809
0.00115748
0.00115724
0.00115654
0.00115602
0.00115558
0.00115501
0.00115448
0.00115429
0.00115374
0.00115313
0.0011524
0.00115211
0.00115157
0.00115095
0.00115003
0.00114925
0.00114887
0.001148
0.00114747
0.00114719
0.00114675
0.00114626
0.00114562
0.0011456
0.00114515
0.00114487
0.00114464
0.00114387
0.0011433
0.00114252
0.00114188
0.00114127
0.00114071
0.00114017
0.00113983
0.00113953
0.00113863
0.00113775
0.00113723
0.00113708
0.00113692
0.00113646
0.00113585
0.00113517
0.00113505
0.00113469
0.00113422
0.00113364
0.00113328
0.00113261
0.00113211
0.00113151
0.00113107
0.00113087
0.00113009
0.00112949
0.00112899
0.00112821
0.00112727
0.00112636
0.0011263
0.00112608
0.00112589
0.0011253
0.00112512
0.00112481
0.0011242
0.00112358
0.00112337
0.00112276
0.00112246
0.00112223
0.00112179
0.00112134
0.00112063
0.00112019
0.00111993
0.00111946
0.00111872
0.0011179
0.00111764
0.00111707
0.00111655
0.00111613
0.0011155
0.00111544
0.00111479
0.00111411
0.0011139
0.00111334
0.00111311
0.00111241
0.00111185
0.00111108
0.00111053
0.00110985
0.00111
0.00110955
0.0011093
0.00110893
0.00110831
0.00110772
0.00110754
0.00110683
0.00110633
0.00110582
0.00110511
0.00110487
0.00110453
0.0011041
0.00110347
0.00110329
0.00110296
0.00110256
0.00110202
0.00110163
0.00110119
0.00110097
0.00110062
0.00110019
0.00109991
0.00109997
0.00109957
0.00109935
0.00109891
0.0010984
0.00109838
0.00109804
0.00109782
0.00109727
0.00109668
0.00109613
0.00109577
0.00109511
0.00109473
0.00109422
0.00109356
0.00109308
0.00109222
0.00109177
0.00109151
0.0010913
0.00109077
0.00109052
0.00109037
0.00109008
0.0010896
0.00108911
0.00108847
0.00108865
0.00108813
0.00108794
0.00108773
0.00108722
0.00108703
0.00108677
0.00108649
0.0010864
0.00108578
0.00108547
0.00108494
0.00108452
0.00108409
0.00108376
0.00108348
0.00108315
0.00108276
0.00108217
0.00108208
0.00108195
0.0010814
0.00108105
0.00108057
0.00108019
0.00107961
0.00107902
0.00107867
0.00107841
0.00107789
0.00107782
0.00107757
0.00107702
0.00107698
0.00107661
0.00107637
0.00107588
0.0010752
0.00107453
0.00107393
0.00107358
0.00107349
0.00107309
0.00107259
0.00107269
0.00107218
0.00107206
0.00107187
0.00107151
0.0010711
0.0010706
0.00107032
0.00107008
0.00106958
0.00106907
0.00106863
0.0010681
0.00106786
0.00106776
0.00106732
0.0010669
0.00106686
0.00106654
0.00106641
0.00106607
0.00106565
0.00106504
0.00106476
0.00106444
0.00106394
0.00106364
0.00106334
0.00106322
0.00106317
0.00106286
0.00106232
0.00106202
0.00106202
0.00106186
0.00106139
0.00106104
0.00106064
0.00106051
0.00105986
0.00105963
0.00105943
0.00105923
0.00105925
0.00105888
0.00105864
0.00105832
0.00105813
0.00105796
0.00105767
0.00105758
0.00105726
0.00105696
0.00105648
0.00105631
0.00105628
0.00105623
0.00105575
0.00105545
0.00105479
0.00105481
0.00105447
0.00105437
0.00105423
0.00105364
0.00105318
0.00105272
0.0010525
0.00105203
0.00105158
0.00105105
0.00105054
0.00105019
0.00104976
0.00104961
0.00104952
0.00104907
0.00104833
0.00104812
0.0010478
0.00104716
0.00104683
0.00104688
0.0010463
0.00104597
0.00104564
0.00104543
0.0010451
0.00104486
0.00104443
0.00104445
0.0010445
0.00104414
0.00104348
0.00104365
0.00104362
0.00104332
0.0010429
0.00104249
0.00104224
0.00104193
0.00104177
0.00104108
0.00104075
0.00104037
0.00103994
0.00103963
0.00103982
0.00103952
0.00103923
0.00103863
0.00103861
0.00103853
0.00103796
0.00103817
0.001038
0.00103739
0.00103707
0.00103673
0.00103643
0.00103621
0.00103624
0.00103615
0.00103576
0.0010354
0.00103497
0.00103473
0.00103425
0.0010338
0.0010336
0.00103319
0.00103288
0.00103265
0.00103252
0.00103228
0.00103212
0.00103164
0.00103134
0.00103071
0.00103044
0.00103043
0.00102982
0.00102957
0.0010292
0.00102855
0.00102854
0.00102852
0.00102819
0.00102811
0.00102767
0.00102748
0.00102722
0.00102702
0.00102723
0.00102701
0.00102664
0.00102637
0.00102652
0.0010265
0.00102595
0.00102573
0.00102524
0.00102508
0.001025
0.00102502
0.00102481
0.00102482
0.00102478
0.00102451
0.00102454
0.00102456
0.00102415
0.00102373
0.00102383
0.0010239
0.00102385
0.00102356
0.00102347
0.00102344
0.00102324
0.00102333
0.00102307
0.00102271
0.00102256
0.00102221
0.00102221
0.00102188
0.00102188
0.00102164
0.0010213
0.00102111
0.00102071
0.00102046
0.00102025
0.00102012
0.00101989
0.00101993
0.00101942
0.00101923
0.00101901
0.00101888
0.00101842
0.00101784
0.00101707
0.00101677
0.00101652
0.00101631
0.00101615
0.00101587
0.00101557
0.00101524
0.00101491
0.00101487
0.00101468
0.0010145
0.0010145
0.00101418
0.0010137
0.00101366
0.00101345
0.0010133
0.00101297
0.00101306
0.00101289
0.00101266
0.00101233
0.0010121
0.0010118
0.00101171
0.00101177
0.00101159
0.00101112
0.00101087
0.00101115
0.00101127
0.00101103
0.00101099
0.00101099
0.00101079
0.00101027
0.00101043
0.0010101
0.00100998
0.00100977
0.00100958
0.00100941
0.0010091
0.00100869
0.00100849
0.0010083
0.00100794
0.00100788
0.00100811
0.00100799
0.00100796
0.00100794
0.0010075
0.00100731
0.00100703
0.00100692
0.00100665
0.0010067
0.00100659
0.00100631
0.00100576
0.00100536
0.00100478
0.00100447
0.00100447
0.00100433
0.00100407
0.00100382
0.00100372
0.00100358
0.00100325
0.00100329
0.001003
0.00100305
0.00100242
0.00100217
0.00100204
0.00100143
0.00100121
0.00100086
0.00100058
0.00100069
0.00100026
0.00100015
0.000999673
0.000999879
0.000999199
0.000999171
0.000998664
0.000998705
0.000998616
0.000998424
0.000998114
0.000997956
0.000997533
0.000997547
0.000997197
0.000996966
0.000996736
0.000996991
0.000996825
0.000996809
0.000996597
0.000996612
0.000996381
0.000996008
0.00099576
0.000995702
0.000995728
0.000995481
0.000995367
0.000995406
0.000995634
0.000995506
0.000995314
0.000995557
0.000995008
0.000994653
0.000994325
0.00099421
0.000993899
0.000993765
0.000993501
0.000993358
0.000993261
0.000993162
0.000992923
0.000992865
0.000992275
0.000991876
0.000991488
0.000991286
0.000991197
0.000990941
0.000990453
0.000990201
0.000990248
0.000989992
0.000989881
0.000989728
0.00098961
0.000989437
0.000989124
0.000989224
0.00098879
0.000988313
0.000988041
0.00098806
0.000987886
0.000987553
0.000987487
0.000987485
0.000987155
0.000987161
0.000987015
0.000986526
0.000986444
0.000986386
0.000985781
0.000985906
0.000985616
0.000985662
0.000985459
0.00098528
0.000984968
0.000984922
0.000985029
0.000984893
0.000984558
0.000984443
0.000984021
0.000983643
0.000983344
0.000983324
0.000983099
0.000983078
0.000983084
0.000982869
0.000982734
0.000982502
0.000982454
0.000982631
0.000982672
0.000982453
0.000982058
0.000981635
0.000981214
0.000981221
0.00098091
0.000980768
0.000980634
0.000980227
0.000979768
0.000979781
0.000979586
0.000979921
0.000979897
0.000980049
0.000979694
0.000979861
