0.023959
0.0158766
0.0109072
0.00777501
0.00569909
0.00456369
0.00364339
0.0031292
0.00276789
0.00252791
0.00238455
0.00232347
0.00222242
0.00217685
0.00215629
0.00213349
0.00211846
0.00211888
0.00210893
0.00211104
0.00210689
0.00210652
0.00210362
0.00210288
0.0021031
0.00210511
0.00210478
0.00210337
0.00210504
0.00210623
0.00210336
0.00210279
0.00210308
0.00210248
0.00210367
0.00210213
0.00210245
0.00210217
0.0021026
0.00210566
0.00210233
0.00210199
0.00210247
0.00210167
0.00210164
0.00210168
0.00210159
0.00210139
0.00210133
0.00210146
0.00210233
0.00210224
0.00210224
0.00210174
0.00210129
0.00210209
0.00210138
0.00210179
0.0021028
0.00210247
0.00210165
0.00210163
0.00210223
0.00210308
0.00210539
0.00210392
0.0021034
0.00210113
0.00210387
0.00210372
0.00210304
0.00210314
0.00210027
0.00210027
0.00210113
0.00210011
0.00210415
0.00210524
0.00210858
0.00211153
0.00211268
0.00210615
0.00210512
0.00210687
0.00210364
0.0021004
0.00209922
0.00210068
0.00209889
0.00209995
0.00209905
0.00209978
0.00209984
0.00209868
0.00210029
0.00209896
0.00209911
0.00210122
0.00210109
0.00209972
0.0021028
0.00210487
0.00210262
0.00210779
0.00210236
0.002099
0.00209778
0.00209766
0.00209907
0.0020976
0.00209756
0.00209935
0.0020982
0.0020976
0.00209788
0.00209747
0.00209829
0.00210145
0.00209851
0.00209831
0.00209674
0.00209677
0.00209664
0.00209696
0.00209747
0.00209698
0.00209733
0.00209634
0.00209645
0.00209633
0.00209608
0.00209604
0.00209596
0.00209591
0.00209612
0.00209585
0.00209734
0.00209583
0.0020957
0.00209549
0.00209573
0.00209534
0.00209526
0.00209585
0.00209553
0.00209511
0.00209605
0.00209527
0.00209485
0.00209481
0.00209515
0.00209483
0.00209456
0.0020952
0.00209463
0.00209512
0.00209517
0.00209775
0.00209561
0.00209524
0.00209484
0.00209402
0.00209432
0.00209409
0.00209375
0.00209375
0.00209421
0.00209351
0.0020935
0.00209352
0.00209401
0.00209376
0.00209323
0.00209306
0.00209437
0.00209353
0.00209345
0.00209322
0.002093
0.00209274
0.00209272
0.00209285
0.00209286
0.00209234
0.00209223
0.00209221
0.00209239
0.00209213
0.00209193
0.00209204
0.00209189
0.00209181
0.00209178
0.00209155
0.00209367
0.00209172
0.00209153
0.00209349
0.0020921
0.00209157
0.00209098
0.00209118
0.00209129
0.0020927
0.00209082
0.00209061
0.00209071
0.00209219
0.00209042
0.0020917
0.00209261
0.00209356
0.00209372
0.00209136
0.00208988
0.0020937
0.00209091
0.00208962
0.00209123
0.00209089
0.00209039
0.00208929
0.00208932
0.00208946
0.00208902
0.00209087
0.00208884
0.00208881
0.00208894
0.00208867
0.00208851
0.00208844
0.00208839
0.00208827
0.0020898
0.00209085
0.00209254
0.00209275
0.00209269
0.00209577
0.00209215
0.00209461
0.00209579
0.0020975
0.00209261
0.00209286
0.00208884
0.00208706
0.00208701
0.00208921
0.00209405
0.00208948
0.00209179
0.00208942
0.00209223
0.00208945
0.0020882
0.0020883
0.00208915
0.00209105
0.00209285
0.00208584
0.00208619
0.00208726
0.00208693
0.00208751
0.00208685
0.0020859
0.00208998
0.00209
0.00208633
0.00208751
0.0020862
0.0020846
0.00208481
0.00208597
0.00208437
0.00208405
0.00208394
0.00208473
0.00208474
0.00208383
0.0020836
0.00208382
0.00208439
0.0020836
0.00208436
0.00208329
0.00208312
0.00208295
0.00208557
0.0020854
0.00208512
0.00208389
0.00208713
0.00208658
0.00208817
0.00208515
0.00208402
0.0020829
0.00208342
0.002082
0.00208226
0.00208189
0.00208207
0.0020811
0.00208107
0.00208183
0.0020841
0.00208168
0.00208123
0.00208046
0.00208064
0.00208021
0.00208014
0.00207996
0.00208003
0.0020799
0.00208006
0.0020797
0.00208148
0.00208352
0.00208113
0.00208204
0.00208173
0.00208236
0.00208128
0.00207937
0.00207946
0.0020788
0.00207891
0.00207819
0.00207834
0.00207785
0.00207768
0.00207766
0.00207803
0.00207737
0.00207735
0.00207824
0.00207705
0.00207684
0.00207718
0.00207713
0.00207729
0.0020774
0.00207821
0.00207759
0.00207639
0.00207601
0.00207614
0.00207555
0.00207622
0.00207565
0.00207515
0.00207575
0.00207489
0.00207507
0.00207567
0.0020746
0.00207445
0.00207469
0.00207504
0.00207404
0.00207379
0.00207368
0.00207446
0.00207386
0.00207344
0.00207325
0.00207356
0.00207469
0.00207397
0.00207393
0.0020803
0.00207351
0.00207479
0.00207195
0.00207185
0.00207206
0.00207154
0.00207206
0.00207117
0.00207101
0.00207095
0.00207075
0.00207053
0.00207035
0.00207042
0.00207002
0.00206989
0.00207036
0.00207039
0.00207227
0.00207117
0.00206945
0.00206954
0.00206918
0.00206892
0.0020692
0.00206833
0.00206819
0.00206993
0.00206778
0.00206997
0.00206968
0.00207223
0.00207017
0.00206916
0.00207115
0.00207063
0.00206965
0.00206777
0.00206615
0.00206607
0.0020658
0.00206589
0.00206597
0.00206642
0.00206531
0.00206582
0.00206483
0.00206606
0.00206707
0.00206825
0.00206631
0.00206424
0.00206419
0.00206349
0.00206357
0.00206413
0.002064
0.0020646
0.00206272
0.0020625
0.00206221
0.00206203
0.00206286
0.0020631
0.00206251
0.0020621
0.00206132
0.00206109
0.00206093
0.00206258
0.00206275
0.00206245
0.00206033
0.00206069
0.00205984
0.00205961
0.00205926
0.0020595
0.00205914
0.00206039
0.00206376
0.00206156
0.00206312
0.00206078
0.0020605
0.0020577
0.00205737
0.00205739
0.0020567
0.00205801
0.00205772
0.00205708
0.00205562
0.0020556
0.00205577
0.00205507
0.00205812
0.0020572
0.00205414
0.00205381
0.00205363
0.00205331
0.00205346
0.00205359
0.00205316
0.0020527
0.0020531
0.00205326
0.00205277
0.00205314
0.00205154
0.00205207
0.00205082
0.00205075
0.00205036
0.00205005
0.00205082
0.00205064
0.00205032
0.00205226
0.00204995
0.00204941
0.00204837
0.00204807
0.00204776
0.00204746
0.0020472
0.00204693
0.00204659
0.0020463
0.00204605
0.00204609
0.00204551
0.0020454
0.00204497
0.00204518
0.00204462
0.00204742
0.00204488
0.0020472
0.00204846
0.00204712
0.00204677
0.00204598
0.00204424
0.00204537
0.00204323
0.00204324
0.00204159
0.0020409
0.00204096
0.00204003
0.00204018
0.00204002
0.00203915
0.00203895
0.00203907
0.00204018
0.0020396
0.00203813
0.00203742
0.0020369
0.00203659
0.0020366
0.00203631
0.00203592
0.0020354
0.00203532
0.00203488
0.00203504
0.00203433
0.00203396
0.0020335
0.0020333
0.00203284
0.00203257
0.00203219
0.002032
0.00203154
0.00203133
0.0020308
0.00203066
0.00203021
0.00202973
0.00202951
0.0020292
0.00202858
0.0020285
0.00202794
0.00202765
0.00202726
0.00202834
0.0020267
0.00202608
0.00202569
0.00202529
0.0020251
0.00202462
0.00202432
0.00202402
0.00202336
0.00202377
0.00202468
0.00202287
0.00202257
0.00202133
0.00202088
0.00202041
0.0020202
0.00202151
0.00202278
0.00202119
0.0020246
0.00201862
0.00201758
0.00201719
0.00201684
0.00201617
0.00201579
0.00201828
0.00201554
0.00201502
0.00201406
0.00201482
0.00201506
0.00201804
0.00202064
0.00201991
0.00201688
0.00201284
0.00201157
0.00201052
0.00201022
0.00201165
0.00200905
0.00201142
0.00201097
0.00201294
0.00201263
0.00200795
0.00200573
0.0020061
0.0020046
0.00200409
0.00200369
0.0020036
0.00200397
0.00200425
0.00200185
0.00200122
0.0020004
0.00200006
0.00199934
0.00199878
0.00199918
0.00199839
0.0019974
0.00199679
0.00199629
0.00199554
0.00199508
0.00199679
0.00199589
0.00199345
0.00199531
0.00199343
0.00199452
0.001992
0.00199056
0.00199093
0.00198922
0.00198851
0.0019879
0.00198768
0.00198729
0.00198718
0.0019887
0.00198715
0.00198727
0.00198407
0.00198322
0.00198236
0.00198252
0.00198206
0.00198174
0.00198108
0.00197911
0.00197841
0.00197872
0.00197863
0.00197744
0.00197595
0.00197547
0.00197502
0.00197383
0.00197328
0.00197361
0.00197214
0.00197117
0.00197065
0.00197138
0.00197349
0.0019744
0.00197334
0.00197036
0.00196716
0.00196551
0.0019652
0.00196396
0.00196347
0.0019638
0.00196168
0.00196232
0.00196027
0.00195935
0.00195867
0.001958
0.001957
0.00195676
0.00195749
0.00195602
0.00195586
0.00195586
0.00195355
0.00195704
0.00195831
0.00195915
0.00195677
0.00195128
0.00195231
0.00195166
0.00195251
0.00194523
0.00194427
0.00194327
0.00194227
0.0019416
0.00193972
0.00193878
0.00193786
0.00193709
0.00193638
0.00193498
0.00193401
0.00193309
0.00193208
0.00193182
0.00193023
0.00192997
0.00192908
0.00192754
0.00192653
0.00192528
0.00192457
0.00192438
0.00192253
0.0019231
0.00192224
0.00191962
0.0019187
0.0019174
0.0019171
0.0019164
0.0019171
0.00191605
0.00191508
0.00191314
0.0019101
0.00190891
0.00190833
0.00190758
0.00190631
0.00190532
0.00190352
0.00190217
0.00190095
0.00189974
0.00189882
0.0018977
0.00189636
0.00189504
0.00189417
0.00189301
0.00189525
0.00189564
0.00189115
0.00188838
0.00188795
0.00188695
0.00188374
0.0018848
0.00188239
0.00188091
0.00187922
0.00187671
0.00187559
0.00187655
0.00187444
0.00187259
0.00187005
0.00186859
0.00186727
0.00186765
0.00186493
0.00186353
0.00186315
0.00186324
0.00185906
0.00185763
0.00185588
0.0018546
0.0018531
0.00185238
0.0018515
0.00184945
0.00184807
0.00184617
0.00184538
0.00184456
0.00184085
0.00183914
0.00183751
0.00183575
0.00183398
0.00183258
0.00183093
0.00182895
0.00182742
0.00182598
0.00182427
0.0018223
0.00182066
0.00181932
0.00181809
0.00181514
0.00181388
0.00181182
0.00181013
0.0018081
0.00180755
0.00180437
0.00180246
0.00180042
0.00180058
0.00180022
0.00179464
0.00179267
0.00179085
0.00178913
0.00178683
0.00178473
0.00178397
0.00178116
0.00177994
0.00177886
0.00177588
0.00177293
0.00177077
0.00176979
0.00176656
0.00176432
0.0017627
0.00175983
0.00175737
0.00175587
0.00175294
0.00175062
0.00174868
0.00174619
0.00174378
0.00174146
0.00173964
0.00173871
0.00173483
0.00173294
0.00173217
0.00173001
0.00172646
0.00172309
0.00172027
0.00171779
0.00171826
0.00171444
0.00171001
0.00170715
0.00170482
0.00170463
0.00169956
0.00169679
0.0016941
0.00169119
0.00168966
0.00168662
0.001684
0.00168235
0.00167921
0.00167569
0.00167433
0.00167058
0.00166747
0.00166687
0.00166239
0.00165873
0.00165621
0.00165231
0.00164922
0.0016462
0.00164353
0.00164255
0.00163745
0.0016352
0.00163207
0.00162828
0.00162568
0.00162173
0.00161824
0.00161506
0.00161348
0.00161122
0.00160969
0.00161075
0.00160274
0.00160291
0.0015957
0.00159035
0.00158702
0.00158413
0.00157895
0.00157585
0.0015729
0.00156942
0.00156486
0.0015625
0.00155845
0.00155482
0.00155006
0.00154647
0.00154634
0.00154087
0.00153518
0.00153172
0.00152898
0.00152362
0.00151937
0.00151573
0.00151231
0.001508
0.00150442
0.00150079
0.00149699
0.00149519
0.00149286
0.00148494
0.00148069
0.00147775
0.00147286
0.00146981
0.00146483
0.00146328
0.00145616
0.00145147
0.00144762
0.0014436
0.00144182
0.00144143
0.00143101
0.00142834
0.0014217
0.00141763
0.00141342
0.00141148
0.00140868
0.00140456
0.00140199
0.0013975
0.00138733
0.00138325
0.00137804
0.00137362
0.00136948
0.00136539
0.00136247
0.00135622
0.0013492
0.00134402
0.00133975
0.00133632
0.0013302
0.00132619
0.00132179
0.00131432
0.00130979
0.00130467
0.00129968
0.0012968
0.00128977
0.00128464
0.00127963
0.00127467
0.00126913
0.00126405
0.0012588
0.00125347
0.00124807
0.00124309
0.0012395
0.00123378
0.00122878
0.00122226
0.00121748
0.00121284
0.00120929
0.00120177
0.00120084
0.00119523
0.00118674
0.00118259
0.00117664
0.00117065
0.00116544
0.00116012
0.00115563
0.00114981
0.00114388
0.00113829
0.00113263
0.0011272
0.00112238
0.00111836
0.00111046
0.0011046
0.00109935
0.00109783
0.00109213
0.00108363
0.00108036
0.00107302
0.00106751
0.0010624
0.00105783
0.00105142
0.00104575
0.00104074
0.001035
0.00102995
0.00102544
0.00101876
0.00101539
0.00100861
0.00100145
0.000995865
0.000990241
0.000985693
0.000980266
0.00097798
0.000969553
0.000962556
0.000956577
0.000950046
0.0009451
0.000939348
0.000935575
0.000930494
0.000924602
0.000916577
0.000911226
0.000907046
0.000903868
0.000895999
0.000889887
0.000886167
0.000881036
0.000872636
0.000868003
0.000861936
0.000858858
0.000855475
0.000847804
0.000840058
0.000837334
0.000832596
0.000823863
0.00081861
0.000812195
0.000809103
0.000808924
0.000799832
0.000796496
0.000786207
0.000781907
0.00077931
0.000770476
0.000765582
0.000760503
0.000755154
0.000749701
0.000744782
0.000739808
0.000740876
0.000731038
0.000726061
0.000719593
0.000713633
0.000711466
0.00070443
0.000700165
0.000695246
0.000690081
0.000688186
0.000681724
0.00068004
0.000673644
0.000667568
0.000662933
0.000657561
0.000652744
0.000649976
0.000643925
0.000638694
0.00063455
0.000629558
0.0006263
0.0006208
0.000617503
0.000615884
0.000610601
0.000604879
0.000601647
0.000596421
0.000591058
0.000586598
0.000582978
0.000579829
0.000578874
0.000571975
0.000569336
0.000564179
0.000561701
0.000558394
0.000552125
0.000548807
0.000545376
0.000541905
0.000539518
0.000536773
0.000531275
0.00053175
0.000524109
0.000522543
0.000517415
0.00051473
0.000510291
0.000507223
0.000505476
0.000499573
0.000496195
0.00049403
0.000491271
0.000487356
0.00048465
0.000482368
0.000478575
0.000475744
0.000477982
0.000469009
0.000468932
0.000463334
0.000460994
0.000458457
0.000455183
0.000452475
0.000449381
0.000447349
0.00044964
0.000443207
0.000439475
0.000437407
0.000434769
0.000440554
0.00043185
0.000426012
0.000424024
0.000422041
0.000419426
0.000416828
0.000415054
0.000412907
0.000409948
0.000408108
0.000406144
0.000404427
0.000402626
0.000402554
0.000404196
0.000396584
0.000394495
0.000392923
0.000391714
0.000388732
0.000388786
0.000384377
0.000382456
0.000380493
0.000378719
0.000378311
0.000379956
0.000375608
0.000372347
0.000370897
0.000369
0.000367118
0.000366263
0.000365336
0.000361814
0.000360132
0.00035953
0.000356685
0.000355887
0.000353513
0.000353037
0.000350977
0.000349682
0.000347732
0.000346423
0.000345819
0.00034539
0.000342332
0.000340828
0.000343498
0.000340282
0.000337762
0.000335844
0.000335369
0.000338935
0.000331908
0.000330931
0.000329464
0.000328094
0.000326577
0.000326205
0.000324487
0.000323356
0.000324983
0.000320972
0.000322469
0.000320164
0.000320261
0.000317196
0.000325536
0.000315178
0.000314135
0.000314392
0.000312328
0.000311011
0.000311342
0.000308848
0.000309155
0.000306961
0.000306272
0.000309634
0.000305104
0.000306291
0.000303386
0.000302219
0.000302311
0.000300611
0.000299334
0.000299021
0.000298399
0.000296789
0.000296916
0.000295248
0.000294602
0.000293597
0.000293112
0.000292137
0.000291696
0.000290374
0.000291509
0.000289366
0.00028813
0.000287338
0.000287082
0.000285941
0.000286048
0.000284542
0.000283907
0.000283258
0.000284682
0.000281961
0.000281898
0.000281439
0.000283703
0.000282865
0.000279687
0.000279367
0.000277779
0.00027787
0.000276507
0.000276406
0.000275768
0.000274993
0.000274365
0.000277313
0.000273601
0.000276131
0.000272411
0.000272598
0.000271495
0.000271517
0.000270351
0.000271931
0.000269479
0.000268773
0.000268631
0.000269865
0.000267335
0.000270251
0.000266585
0.00026708
0.000265218
0.000264883
0.000264501
0.000264395
0.000264583
0.000263197
0.000262712
0.000262683
0.000261945
0.000261596
0.000261936
0.000262817
0.000260934
0.000261984
0.0002598
0.000263113
0.000259833
0.00025866
0.000259522
0.000257984
0.000257739
0.000257287
0.000257059
0.000257636
0.000256273
0.000255864
0.000255435
0.000255238
0.000256752
0.000254549
0.000254086
0.000253605
0.000253262
0.0002531
0.000253181
0.000252572
0.000253404
0.000255427
0.000251443
0.000252873
0.000250797
0.000255601
0.000250958
0.000250034
0.000251185
0.000249554
0.000249741
0.000250457
0.000248866
0.00024824
0.000248137
0.000247887
0.000250776
0.000247889
0.000250634
0.00024781
0.0002475
0.000246772
0.000246335
0.000246752
0.000245634
0.000247424
0.00024506
0.000244757
0.000245989
0.000245207
0.000245399
0.000245082
0.000247922
0.000243631
0.000243298
0.00024321
0.000242999
0.000242775
0.000242456
0.0002426
0.000242151
0.000241897
0.000242138
0.000244442
0.000240388
0.000240296
0.000240085
0.000240371
0.000239804
0.000240516
0.000239316
0.000244272
0.000245217
0.000240231
0.00023866
0.000240339
0.000238014
0.000239727
0.000237664
0.000237829
0.00023733
0.000237296
0.0002395
0.00023749
0.000236764
0.000237475
0.000238773
0.00024117
0.000235826
0.000235893
0.000235887
0.000235888
0.000235602
0.000235207
0.000234965
0.000234788
0.000236188
0.000234936
0.000236138
0.000233847
0.000234714
0.000236618
0.000234347
0.000233621
0.000233302
0.000233447
0.000235043
0.00023322
0.00023308
0.000232567
0.000233248
0.000232694
0.000232298
0.000232251
0.000232299
0.00023273
0.000231946
0.000231526
0.000231296
0.000231684
0.000230878
0.000230723
0.000231392
0.00023037
0.000230664
0.000230345
0.000230132
0.000230919
0.000230405
0.000229802
0.000229612
0.000229724
0.000229286
0.000229602
0.000229079
0.000229965
0.000229197
0.000228961
0.000228742
0.000228523
0.000228416
0.000228484
0.000228194
0.000230088
0.000229123
0.000230713
0.000228399
0.000227638
0.000228491
0.000227542
0.000227753
0.000227758
0.00022817
0.000228042
0.000227358
0.000227843
0.000229541
0.000226593
0.000227585
0.000228418
0.000226573
0.00022644
0.000226765
0.000226958
0.000226512
0.000226349
0.000226236
0.000227698
0.000226316
0.000227083
0.00022521
0.000227459
0.000225232
0.000224937
0.000224739
0.000225407
0.000224729
0.000224778
0.000224656
0.000224401
0.000224295
0.000224098
0.000225114
0.000223964
0.000224788
0.000224228
0.000223802
0.000223741
0.000224698
