0.00737977
0.00290482
0.0022501
0.00213754
0.00210832
0.00212652
0.0021074
0.00210852
0.00210746
0.00210768
0.0021074
0.00212167
0.0021098
0.0021095
0.00210752
0.00210841
0.00211167
0.00210951
0.00211035
0.00211073
0.0021074
0.00210806
0.00211008
0.0021113
0.00210742
0.00211812
0.00211161
0.00210739
0.00211388
0.00211667
0.00210758
0.00210769
0.00210799
0.00210752
0.00211263
0.00211322
0.00211386
0.00210817
0.00211061
0.00212847
0.00210763
0.00210763
0.00210889
0.00211243
0.00210754
0.00210797
0.00210759
0.00210768
0.00210775
0.00210894
0.00211433
0.00211036
0.00210945
0.00210773
0.0021074
0.00211066
0.00210754
0.0021093
0.00211346
0.00211002
0.00210767
0.00210816
0.00211065
0.00211336
0.0021219
0.00211115
0.00210983
0.00210782
0.00211704
0.00211309
0.00211008
0.00211074
0.00210984
0.00210742
0.00211056
0.0021074
0.0021292
0.00212346
0.00213208
0.00213508
0.00213014
0.00210859
0.00210933
0.00211641
0.00210834
0.00210894
0.00211096
0.00211118
0.00211047
0.00211117
0.00210739
0.00211044
0.00210972
0.00210817
0.00211467
0.00210743
0.00210815
0.00211867
0.00211312
0.00210787
0.00212119
0.00212478
0.00211126
0.00213229
0.00210831
0.00210929
0.00212711
0.00211114
0.00212004
0.00210745
0.00210744
0.00211818
0.00210826
0.00210739
0.00210849
0.00210746
0.00211125
0.00212713
0.00210785
0.00210812
0.00211291
0.00211163
0.00210743
0.00211012
0.00211198
0.002108
0.00210954
0.00211299
0.0021082
0.00210767
0.00210788
0.00210741
0.00210799
0.00210774
0.00210946
0.00210747
0.00212783
0.00210747
0.00210743
0.00210933
0.0021111
0.00210783
0.00210741
0.0021124
0.00210824
0.00210754
0.00211274
0.0021075
0.00210832
0.00210908
0.00211168
0.00210777
0.00210826
0.00211534
0.00210773
0.00211056
0.00210959
0.00212311
0.00210808
0.00210782
0.00210757
0.00210855
0.00211789
0.00210956
0.00210917
0.00210859
0.00211157
0.00210804
0.00210887
0.00210852
0.00211165
0.00210863
0.0021125
0.00210787
0.00211908
0.00210846
0.00210821
0.00210769
0.00210747
0.00211279
0.00210935
0.00210936
0.00210896
0.00210773
0.00210848
0.00210766
0.00211147
0.0021078
0.00210764
0.00210841
0.00210758
0.00210996
0.00210855
0.00210766
0.00212499
0.00210739
0.00210739
0.00211832
0.00210795
0.0021074
0.00211028
0.00211249
0.00211283
0.00211964
0.00210782
0.00211062
0.00210837
0.00211797
0.00210827
0.00211343
0.00211519
0.00211622
0.00211405
0.00210739
0.00211942
0.00215526
0.00210993
0.00210948
0.00211532
0.00211021
0.00210814
0.0021141
0.00211058
0.00211038
0.00210753
0.00212834
0.00210928
0.00210742
0.00210839
0.00210976
0.00210741
0.00210751
0.00210767
0.0021074
0.00212028
0.00211925
0.0021221
0.00211682
0.00211421
0.00212544
0.00210928
0.00211879
0.00212081
0.0021243
0.00210842
0.00211125
0.00210829
0.00211676
0.00210827
0.0021194
0.0021416
0.00210857
0.00211782
0.00210847
0.00211959
0.00210844
0.00210757
0.00210881
0.00211224
0.00211931
0.00212302
0.00211904
0.00210742
0.00211148
0.00210927
0.00211152
0.00210867
0.0021074
0.00212741
0.00211845
0.00210746
0.00211093
0.00210773
0.00211023
0.00212102
0.00212229
0.00210739
0.00210923
0.00210761
0.00211633
0.00211155
0.00210744
0.00210773
0.00210855
0.00211161
0.00210744
0.00211122
0.00210747
0.00210739
0.00210739
0.00212441
0.00211471
0.0021114
0.00210777
0.00212213
0.00211438
0.0021193
0.00210816
0.00210759
0.00210742
0.00210903
0.00212795
0.00211672
0.00210941
0.00210991
0.00210895
0.00210741
0.00211996
0.00212862
0.00210783
0.00210752
0.00211323
0.00211296
0.00210832
0.00210818
0.00210775
0.00210908
0.00211055
0.00211048
0.00210764
0.00211917
0.00212459
0.00210853
0.00211229
0.00211059
0.002113
0.00210908
0.00210779
0.00210772
0.0021074
0.00210802
0.0021148
0.00211245
0.00210911
0.00210765
0.00210827
0.00211064
0.00210746
0.00210762
0.00212347
0.00210745
0.0021074
0.00210986
0.0021089
0.00210954
0.00210977
0.00211325
0.00210918
0.0021075
0.0021075
0.002108
0.00211098
0.00211667
0.00211452
0.00210743
0.00211433
0.00210812
0.00211166
0.00211412
0.00210753
0.00211077
0.00211182
0.00211206
0.00210749
0.00210804
0.00210739
0.00211315
0.00210804
0.00210739
0.00210743
0.00210924
0.00211509
0.00210927
0.0021092
0.00214479
0.00210784
0.00211089
0.00212238
0.00210743
0.00211548
0.00210928
0.00211292
0.002108
0.00210746
0.00210941
0.00210858
0.0021077
0.00210749
0.00210972
0.00210742
0.00210824
0.00211268
0.00211043
0.00212042
0.00210989
0.00210799
0.00210764
0.00210743
0.00210743
0.00210906
0.00210825
0.00211005
0.00212546
0.00211
0.00212283
0.00211368
0.00212427
0.00211012
0.00210827
0.00211663
0.0021127
0.00210977
0.00210739
0.00211372
0.00210754
0.00210858
0.00211111
0.00211043
0.00211233
0.00210743
0.00210987
0.00210774
0.0021294
0.00212318
0.00212171
0.00210931
0.00210859
0.00210742
0.00210885
0.00210779
0.00212237
0.00211271
0.00211429
0.00210832
0.00211283
0.00210739
0.00210756
0.00211639
0.00211326
0.00210886
0.00210799
0.00210755
0.00210739
0.00211324
0.0021244
0.00211613
0.00211161
0.00210804
0.00210829
0.00210742
0.00210739
0.002112
0.00211147
0.00210859
0.00211637
0.00213181
0.00211204
0.00211774
0.00210882
0.00210958
0.00210912
0.00212601
0.00211513
0.00210783
0.00211649
0.00211134
0.00210865
0.00210938
0.00210744
0.00210911
0.00210739
0.00215119
0.00211921
0.00210981
0.00210871
0.0021096
0.00210749
0.00211122
0.00211127
0.00211863
0.00210934
0.00211186
0.00211132
0.00210875
0.0021111
0.00210769
0.00210968
0.00210805
0.00210751
0.00211231
0.00210813
0.00211552
0.00211117
0.00210924
0.00211929
0.00210764
0.0021076
0.00211913
0.00210979
0.00210789
0.00210745
0.00210864
0.00210783
0.00210761
0.00210766
0.00210753
0.00211112
0.0021074
0.00210825
0.00210739
0.00210992
0.00210767
0.00212659
0.0021079
0.00211964
0.00212097
0.0021124
0.00211189
0.00211041
0.00210776
0.00211277
0.00210757
0.00210894
0.00210754
0.0021076
0.00210812
0.00210897
0.00211492
0.00211031
0.00210827
0.00210742
0.00210981
0.00211757
0.00211103
0.0021074
0.00210759
0.0021091
0.0021077
0.00210913
0.00211299
0.00210875
0.002108
0.00210905
0.00210774
0.00211021
0.00210747
0.00210741
0.00210818
0.00210875
0.0021074
0.00210829
0.00210747
0.0021087
0.0021074
0.00210814
0.00210756
0.00210972
0.00210767
0.00210748
0.00210944
0.00210994
0.00210765
0.00210946
0.0021089
0.00210846
0.00210758
0.00211749
0.00210739
0.00210781
0.00210744
0.00210835
0.00210916
0.00210763
0.00210806
0.00210798
0.00210754
0.00211788
0.00211999
0.00210781
0.00210834
0.00211047
0.0021087
0.0021074
0.00210828
0.00212686
0.00212515
0.0021111
0.00212784
0.00210968
0.00211787
0.00211133
0.00210916
0.00210769
0.00210789
0.00213165
0.00210766
0.00210749
0.00211052
0.00212094
0.0021167
0.0021301
0.00213389
0.00212164
0.0021109
0.00210774
0.00210753
0.00210762
0.00210764
0.00211573
0.00210761
0.00211937
0.00211393
0.00212212
0.00211751
0.00210754
0.00211383
0.00210862
0.00211189
0.00210883
0.00211014
0.00211137
0.00211404
0.00211516
0.00210748
0.00210739
0.00210765
0.00211339
0.00210766
0.00210739
0.00211611
0.00210945
0.00211307
0.00210779
0.00210806
0.00210755
0.00210768
0.00212244
0.00211375
0.00210823
0.00211772
0.00210846
0.00211505
0.00210739
0.00210823
0.0021299
0.00210758
0.00210744
0.00210766
0.00211115
0.00210948
0.00211088
0.00212053
0.00211055
0.00211217
0.00210882
0.00210794
0.00210833
0.00211813
0.00211253
0.00211128
0.00210991
0.00210881
0.00210755
0.0021114
0.00211232
0.00210862
0.00210753
0.00210782
0.00210879
0.00210741
0.00210771
0.00211263
0.00210754
0.00210777
0.00210774
0.00211664
0.00212674
0.00212522
0.00211694
0.00210897
0.00210801
0.00211782
0.00210872
0.00210754
0.00211206
0.00211988
0.0021087
0.00211603
0.00210743
0.00210826
0.00210957
0.00211009
0.0021083
0.0021119
0.00211908
0.00211068
0.0021119
0.00211386
0.00210804
0.00212608
0.00212786
0.00212679
0.00211625
0.00210742
0.00211372
0.00211371
0.00211861
0.00211094
0.00210759
0.00210744
0.00210761
0.00210873
0.00210832
0.00210743
0.00210743
0.00210781
0.00210875
0.002108
0.00210856
0.00210858
0.00210752
0.00211181
0.00210968
0.00211289
0.00210985
0.00210754
0.00210753
0.00210871
0.0021105
0.00211457
0.00211022
0.00212025
0.00211315
0.00210743
0.0021171
0.00210811
0.00211466
0.0021136
0.00211936
0.002114
0.00211188
0.0021089
0.00210846
0.00210742
0.00210817
0.00210882
0.00210779
0.00210773
0.00210758
0.00211032
0.002108
0.00210772
0.00210863
0.00211071
0.00210889
0.00210739
0.00211188
0.00210969
0.00212774
0.00212553
0.00210865
0.00210743
0.00210951
0.00211043
0.00211878
0.00213376
0.00211282
0.00211035
0.00210856
0.00210888
0.00211481
0.00212721
0.0021129
0.00210909
0.00210839
0.002108
0.00210739
0.0021177
0.00210807
0.00211953
0.00211934
0.00211775
0.00210843
0.00210745
0.00210811
0.00210765
0.00211103
0.00211412
0.00211397
0.00210938
0.00210992
0.00210848
0.00211167
0.00211235
0.00210772
0.00210748
0.00210739
0.00210946
0.00210741
0.00210834
0.00210777
0.00210795
0.00210864
0.00210812
0.00211068
0.00210756
0.00210802
0.00211026
0.00211147
0.0021116
0.00211242
0.00210747
0.00210764
0.00210762
0.00211562
0.00210746
0.00210775
0.00210839
0.00212402
0.00212403
0.00210947
0.0021083
0.00210785
0.00211052
0.00210859
0.00210741
0.00211596
0.00210775
0.002119
0.00211632
0.00210809
0.00211099
0.00210742
0.00211268
0.00210748
0.00210789
0.00211009
0.00210739
0.00210818
0.0021153
0.00210829
0.00210783
0.00211012
0.00210806
0.0021078
0.0021114
0.00211159
0.00211537
0.00212097
0.00211444
0.00211876
0.00211349
0.00210885
0.0021075
0.0021148
0.00210914
0.00212819
0.00211141
0.00211499
0.00210741
0.00210769
0.00212089
0.0021074
0.00210768
0.00210993
0.00210769
0.0021126
0.0021075
0.00210781
0.00211134
0.00210829
0.00211114
0.0021205
0.00210931
0.00210803
0.00211734
0.00210776
0.00210766
0.00211555
0.00210742
0.00210752
0.00210754
0.00210928
0.00211611
0.00210759
0.00210904
0.00210859
0.00211075
0.00211115
0.00211007
0.00210766
0.00210742
0.00211548
0.00211337
0.00211641
0.00213349
0.00210968
0.00212014
0.00210914
0.00210739
0.00210853
0.00211043
0.00210867
0.00210767
0.0021158
0.00211385
0.00210746
0.00212038
0.00210938
0.0021092
0.00210741
0.00211336
0.00213114
0.00211177
0.00210899
0.00210909
0.00211244
0.00210926
0.00210773
0.00210874
0.00210785
0.00210765
0.00210868
0.00210814
0.00210844
0.00211704
0.00211928
0.00210757
0.00211012
0.00211257
0.00210762
0.00211141
0.00210773
0.00211888
0.0021074
0.00210742
0.00210756
0.00210744
0.00212364
0.00212884
0.00210741
0.00210967
0.00211
0.00210865
0.00211158
0.0021198
0.00212024
0.00211837
0.00212628
0.00212165
0.00210739
0.0021074
0.00210756
0.00210968
0.00210861
0.00211279
0.00211954
0.00211266
0.00210788
0.00210757
0.00210797
0.00211337
0.00210844
0.00211911
0.00211285
0.0021082
0.0021077
0.00210746
0.00210739
0.00211514
0.00210914
0.00211282
0.0021093
0.00210904
0.00210786
0.00210975
0.00210748
0.00210846
0.00210764
0.00210868
0.00211493
0.0021092
0.00210928
0.00210846
0.00210743
0.00211391
0.00211729
0.00210768
0.00212135
0.0021138
0.00210881
0.00211451
0.00210794
0.0021078
0.00210843
0.00211031
0.00211044
0.00210913
0.00210891
0.00210858
0.00210743
0.00210909
0.00210947
0.00211333
0.00210764
0.00210755
0.00211038
0.00212465
0.00212049
0.00210758
0.00211247
0.00211122
0.0021077
0.00210774
0.00211411
0.00210786
0.00210755
0.0021104
0.0021076
0.00211011
0.00211933
0.00211095
0.002118
0.00211167
0.00210752
0.00210745
0.00210914
0.00211092
0.00210906
0.00212109
0.00210987
0.00210741
0.002114
0.00210762
0.0021084
0.00210755
0.00211309
0.0021133
0.00211327
0.00210744
0.00210809
0.00210885
0.00211443
0.00211226
0.00211049
0.00211824
0.00212009
0.00210886
0.00211182
0.00210805
0.00211802
0.00212338
0.00211562
0.0021099
0.0021187
0.00211872
0.00211174
0.00210785
0.00211106
0.00211957
0.00213247
0.0021222
0.00212501
0.00210741
0.00211897
0.00211472
0.00210787
0.00210777
0.00210919
0.00210964
0.00210771
0.00210743
0.00210925
0.00211893
0.00211145
0.00211055
0.00210918
0.00210766
0.0021132
0.00210739
0.00211164
0.00210941
0.00210865
0.00211044
0.00211177
0.00211551
0.00211805
0.00211193
0.00211388
0.00210838
0.00210895
0.00211249
0.00211028
0.00211026
0.00211348
0.0021074
0.00210831
0.00210744
0.00210752
0.00210994
0.00211282
0.00210897
0.00211497
0.00211133
0.00210739
0.0021074
0.00210749
0.00210985
0.00212454
0.0021098
0.00210853
0.00210756
0.00211059
0.00211548
0.00211302
0.00211037
0.00210855
0.00210953
0.00211393
0.00210827
0.00210989
0.00212116
0.00210741
0.00211095
0.00210762
0.00210864
0.00210982
0.00211027
0.00211979
0.00211268
0.00211108
0.00210832
0.00211171
0.00210872
0.00210803
0.00210779
0.00210791
0.00210775
0.0021142
0.00210767
0.00211002
0.00210751
0.00211359
0.00211099
0.00210857
0.00211003
0.00210742
0.00210936
0.00210764
0.0021075
0.00211014
0.00210822
0.00210739
0.00212039
0.00211175
0.00210795
0.0021083
0.00210771
0.00210988
0.00210743
0.00210822
0.00210818
0.00211112
0.00211048
0.00211533
0.00210885
0.00211312
0.00211153
0.00211746
0.00210791
0.00210807
0.00211167
0.00211568
0.00210741
0.00210748
0.00210745
0.00210864
0.00210839
0.00210749
0.00210768
0.00210798
0.00211358
0.00211168
0.00211303
0.00210784
0.00210789
0.00211027
0.00210979
0.00210936
0.00210739
0.0021089
0.00210802
0.00211576
0.0021168
0.00210743
0.00210754
0.00210957
0.00210794
0.00210756
0.00210851
0.00211749
0.0021094
0.00210757
0.00212046
0.00212054
0.00213573
0.00212413
0.00211061
0.00211113
0.00210739
0.00210897
0.00210806
0.00211218
0.00211034
0.00212133
0.00210778
0.00210739
0.00210797
0.00210744
0.00211069
0.00211257
0.00211233
0.00211058
0.00211398
0.0021075
0.00210788
0.00210852
0.0021104
0.00210835
0.00210878
0.0021074
0.00210982
0.00212571
0.0021125
0.00211151
0.00210793
0.00210787
0.00210907
0.0021074
0.00210826
0.00210746
0.0021094
0.00210961
0.00211458
0.0021134
0.0021267
0.00211163
0.00211133
0.00210882
0.00210848
0.00210788
0.00210749
0.00210744
0.00211012
0.00211298
0.00210742
0.00210851
0.00210781
0.00211497
0.00210767
0.0021078
0.0021074
0.00210756
0.00211486
0.00210822
0.0021155
0.00210908
0.00210889
0.00210909
0.00210989
0.00210739
0.00210741
0.00211227
0.0021131
0.00210865
0.00210758
0.00211862
0.00211077
0.0021074
0.0021077
0.00211089
0.00211082
0.00210761
0.00210777
0.00210743
0.00210813
0.00210772
0.00210929
0.00211882
0.00210749
0.00210769
0.00210795
0.00211089
0.00211505
0.00210751
0.00210835
0.00211021
0.00211377
0.00210792
0.0021103
0.00210996
0.00211267
0.00211009
0.00211198
0.00210767
0.00210974
0.00211422
0.00211309
0.0021174
0.00211808
0.00211226
0.00211401
0.00212014
0.00211095
0.00211206
0.00211097
0.00210902
0.00211059
0.00211464
0.00210763
0.00210745
0.00210741
0.00210917
0.00210918
0.00211097
0.00211342
0.00211963
0.00210815
0.00210741
0.0021074
0.00210876
0.00210782
0.002108
0.00211115
0.00210976
0.00210884
0.00210767
0.00210775
0.00210743
0.00210919
0.00210739
0.002115
0.00211189
0.00210838
0.00212598
0.00210979
0.00211036
0.00213689
0.00211821
0.00210965
0.00210887
0.0021077
0.00210745
0.00210908
0.00211142
0.00211288
0.00210758
0.00211134
0.00210789
0.00210769
0.00212069
0.00211892
0.00210947
0.00211061
0.00211403
0.00210995
0.00210758
0.00211015
0.00211729
0.00211925
0.00210748
0.00211106
0.0021074
0.00211163
0.00210778
0.00210792
0.00211333
0.00210742
0.00210752
0.00212018
0.00210938
0.00211329
0.00211353
0.00211772
0.00210741
0.00211016
0.00212127
0.00211046
0.00210755
0.00211831
0.00211543
0.0021082
0.00211182
0.00211072
0.0021077
0.0021074
0.00210963
0.0021074
0.00212025
0.00210754
0.00210827
0.00210742
0.00210754
0.00210808
0.0021077
0.00210773
0.00211251
0.00211938
0.00211877
0.00210745
0.00210746
0.00210781
0.00211196
0.002114
0.00210796
0.00210749
0.00211004
0.00211056
0.00211302
0.00210748
0.00210754
0.0021108
0.00212186
0.00211573
0.00211197
0.002109
0.00210896
0.00210905
0.00210739
0.00210758
0.00211008
0.00211986
0.00211067
0.00211336
0.00210742
0.00211142
0.00211325
0.00211459
0.00212167
0.0021151
0.00210739
0.00210758
0.00210886
0.00211052
0.00211352
0.00210944
0.00210873
0.00210756
0.00210931
0.00212052
0.00211054
0.00211076
0.00211165
0.00210971
0.00211214
0.00211129
0.00212523
0.00210806
0.00212273
0.00210975
0.0021074
0.00211064
0.002125
0.00211948
0.00210817
0.00210775
0.00211044
0.00211403
0.00211267
0.0021105
0.00212114
0.00211722
0.00210905
0.00210888
0.00210762
0.00210843
0.00210746
0.00210739
0.00210837
0.00210747
0.0021082
0.00210739
0.0021087
0.00210903
0.00210755
0.00210904
0.00211386
0.00210832
0.00210739
0.00210825
0.00210921
0.00210805
0.00210827
0.00210871
0.00210769
0.00211324
0.00210745
0.00211236
0.0021075
0.00210958
