0.0122718
0.00289993
0.00176123
0.001733
0.00173024
0.00173283
0.00171073
0.00170232
0.00168861
0.00167956
0.00166932
0.00168674
0.00166842
0.00163925
0.00162966
0.00162235
0.00161123
0.00160653
0.00159196
0.00158071
0.00156365
0.00154965
0.00153722
0.00152301
0.00151149
0.00151575
0.00147919
0.00146595
0.00147457
0.00144511
0.00143479
0.00140478
0.00139623
0.00137278
0.00137058
0.00138644
0.00132195
0.00130162
0.00129645
0.00128734
0.0012836
0.00122726
0.00121332
0.00121838
0.00117795
0.00114728
0.00112854
0.00110894
0.00108831
0.00108848
0.00104633
0.00102952
0.00100495
0.000987715
0.000967502
0.000985668
0.000941204
0.000932897
0.000888593
0.000869028
0.00084854
0.000829506
0.000826386
0.000798644
0.00078167
0.000757427
0.000739345
0.00075623
0.000864992
0.000863801
0.000982132
0.00101809
0.00102744
0.00116394
0.00178118
0.00216573
0.0037511
0.00229232
0.00274553
0.00125209
0.00130188
0.000952494
0.000896801
0.000711192
0.000673176
0.000683094
0.000651914
0.000612704
0.000597353
0.000675858
0.000670616
0.000718189
0.000668022
0.000683049
0.000575598
0.000536008
0.000495681
0.000520613
0.000509846
0.000554201
0.000466661
0.000624269
0.000817569
0.0016843
0.00218234
0.00340131
0.00312719
0.00341627
0.00115939
0.000845796
0.000708443
0.000729805
0.000679882
0.000571678
0.000509833
0.000502246
0.000467689
0.000461297
0.000457283
0.000454673
0.000545187
0.000529633
0.000516774
0.000628922
0.000688459
0.000741827
0.000834212
0.000967795
0.000865341
0.00117692
0.00131079
0.00169611
0.00142103
0.0016661
0.00113123
0.00106623
0.00116041
0.00116445
0.000873859
0.000818015
0.000622708
0.000514077
0.000435198
0.00041519
0.000388741
0.000357222
0.000334864
0.000321251
0.000317268
0.000318805
0.00030057
0.000295311
0.000288683
0.00028019
0.000276586
0.000269058
0.000267388
0.00026521
0.00025465
0.000257041
0.00026395
0.000264853
0.000319598
0.000507966
0.000617049
0.00122115
0.00146764
0.00246682
0.0030149
0.00381506
0.00186681
0.00146441
0.000601297
0.000477517
0.000376891
0.000335261
0.000321535
0.000317673
0.000304264
0.000316227
0.000298036
0.000333999
0.000387632
0.000369873
0.000385043
0.000363388
0.000375747
0.000400174
0.000433304
0.000408755
0.0004752
0.000599852
0.000727561
0.0007562
0.000872742
0.000781936
0.000854268
0.000929917
0.00106007
0.000760357
0.000813934
0.00059622
0.000465831
0.000463048
0.000499302
0.000391873
0.000357341
0.000436813
0.000522709
0.000655696
0.000627995
0.000652575
0.000752148
0.000684232
0.000817991
0.000518676
0.000462476
0.000429472
0.000527387
0.00053865
0.000516424
0.000658127
0.000744115
0.000502622
0.000531721
0.000348462
0.000327359
0.000285596
0.000282293
0.000258845
0.000242813
0.000264027
0.000308071
0.000335719
0.000474897
0.000424009
0.000534279
0.000401434
0.000424244
0.000332577
0.000390474
0.000335881
0.000468239
0.000351673
0.000309524
0.000289158
0.000378468
0.000378146
0.000504525
0.000363851
0.00050387
0.000627623
0.000883183
0.000854388
0.00111331
0.000884155
0.00088452
0.000610828
0.00072303
0.000541006
0.000560778
0.000671901
0.000601216
0.000357279
0.000349554
0.000275841
0.000233334
0.000205072
0.000230836
0.000204851
0.000192348
0.000188551
0.000184454
0.000181433
0.000199879
0.000188518
0.000189897
0.000181596
0.00017465
0.000181275
0.000184535
0.000172138
0.000183941
0.000239672
0.000213647
0.000291817
0.000284643
0.000276453
0.000306304
0.000320456
0.000273969
0.00031317
0.000301219
0.000332696
0.000316694
0.000413337
0.00036588
0.000421401
0.000454056
0.000563149
0.000456992
0.000455951
0.000515084
0.000524504
0.000452586
0.00056366
0.000532889
0.000563666
0.000320375
0.000303101
0.000291537
0.000304576
0.000278199
0.00025186
0.000281292
0.000319715
0.000346402
0.000374345
0.000320432
0.000279915
0.000247466
0.000292262
0.000282427
0.000280862
0.000242898
0.000283197
0.000323896
0.000440433
0.000353809
0.000312618
0.000248682
0.000222855
0.000199632
0.000239994
0.00021588
0.000229965
0.000256096
0.00032745
0.000319517
0.000415579
0.000437063
0.000581255
0.000472085
0.000481987
0.000432273
0.000424027
0.0003696
0.000395128
0.000465813
0.000541798
0.00039568
0.000301139
0.00028588
0.00031493
0.000283743
0.000268447
0.0002203
0.000252688
0.000215241
0.000195717
0.000209254
0.000224115
0.000230694
0.000238401
0.000206551
0.000237753
0.000267939
0.000276831
0.000309595
0.00031015
0.000350898
0.000383436
0.000318729
0.000278853
0.000302332
0.000364107
0.000382854
0.000459944
0.000445337
0.000588922
0.000518028
0.00054364
0.000472366
0.00044286
0.00028971
0.000287854
0.000255377
0.000264435
0.000205842
0.000188224
0.000184338
0.0001725
0.000170971
0.000181324
0.000177035
0.000212102
0.000207311
0.00016987
0.000160089
0.00015977
0.000160891
0.000159338
0.000159065
0.000159737
0.000168894
0.000166014
0.000159725
0.000157829
0.000161012
0.000160636
0.000166966
0.000173242
0.000168515
0.000191314
0.00022964
0.000222481
0.000254876
0.000257513
0.00029457
0.000295591
0.000320124
0.00032567
0.000339964
0.000321183
0.000355476
0.000498418
0.000489403
0.000470205
0.000464294
0.000407958
0.00032398
0.000293737
0.000237962
0.000208915
0.000200457
0.000182763
0.000163265
0.000160429
0.000178458
0.000181304
0.000158514
0.000166567
0.000196047
0.000165766
0.000159625
0.000160858
0.000156579
0.000163525
0.000173962
0.00019813
0.000219095
0.000254704
0.00026088
0.000256246
0.000272787
0.000250308
0.000230899
0.000202449
0.000185895
0.000212612
0.000182002
0.000202206
0.00019398
0.000186384
0.000156948
0.000158764
0.000156744
0.000158836
0.000155649
0.00015784
0.000155374
0.000179086
0.00020463
0.000166208
0.000178428
0.00015988
0.00015602
0.000155071
0.000154557
0.000154931
0.00015674
0.000163531
0.000165572
0.000172868
0.000174763
0.00018978
0.000170376
0.000163321
0.000165541
0.000162912
0.000167323
0.000200847
0.000221454
0.000271556
0.00023418
0.000228858
0.000252283
0.000255393
0.000214188
0.000229395
0.000264313
0.000326917
0.000228656
0.000210044
0.00018746
0.000195794
0.000216733
0.000227364
0.000228867
0.000241076
0.000254466
0.000218541
0.000226366
0.00026726
0.000181895
0.00021356
0.000188079
0.000194242
0.000187237
0.000191791
0.000163299
0.000173594
0.000157214
0.000155268
0.000174579
0.000197268
0.000181922
0.000199109
0.00020104
0.000214087
0.000208211
0.000184141
0.000171266
0.000159273
0.00015316
0.000163148
0.000157477
0.000158497
0.000152212
0.000153572
0.000155009
0.000153343
0.000152157
0.000154662
0.000151723
0.000173562
0.000166601
0.000186546
0.00019697
0.000216969
0.000168739
0.00016681
0.000158539
0.000158314
0.00015173
0.000156353
0.000151314
0.000151163
0.000151228
0.000151523
0.000152774
0.000163401
0.000159714
0.000164637
0.000153692
0.000153828
0.000150643
0.000150616
0.000152314
0.000150792
0.000151584
0.000152098
0.000158847
0.0001761
0.000191159
0.000226963
0.000186148
0.000252163
0.000231368
0.000248995
0.000214651
0.000268209
0.000229087
0.000260446
0.000296349
0.000246664
0.000236721
0.000245101
0.000200953
0.000218013
0.000179839
0.000186091
0.000201992
0.000248574
0.000279624
0.000321419
0.000272859
0.000263927
0.000181983
0.00015483
0.000151888
0.000152008
0.000149462
0.000153818
0.000149631
0.000154104
0.000150957
0.000161632
0.000149375
0.000150128
0.000153497
0.000152492
0.000151394
0.000150541
0.000149708
0.000148948
0.000148798
0.000149544
0.000151884
0.000165992
0.00015625
0.000148715
0.000152147
0.000162228
0.000149743
0.000153346
0.000148379
0.00014849
0.000149703
0.000149963
0.000154988
0.000151384
0.000152833
0.000147934
0.000152024
0.00015127
0.000148738
0.000150226
0.00015089
0.000159385
0.000182972
0.000209814
0.000225847
0.000182765
0.000205814
0.000200789
0.000200988
0.000185215
0.000198262
0.000242845
0.000241601
0.000211189
0.000248275
0.000267784
0.00029102
0.000249159
0.000294441
0.000253075
0.000294822
0.000290972
0.000357467
0.000334079
0.000343125
0.000264736
0.00030473
0.00026994
0.000266264
0.000241256
0.000312035
0.000306232
0.000315024
0.000328898
0.000316824
0.000264938
0.000224337
0.000205705
0.000224223
0.000193605
0.000244404
0.000214165
0.000215281
0.000235294
0.000264601
0.000259252
0.000241424
0.000250133
0.000222014
0.000195808
0.000191591
0.000212199
0.00022337
0.000179787
0.000171489
0.000150439
0.000162038
0.000157004
0.000161508
0.000149613
0.000149224
0.000146309
0.000151674
0.000149449
0.000154734
0.000154614
0.000168009
0.000159513
0.00019112
0.000191637
0.000216676
0.000190973
0.000212611
0.000198872
0.00022138
0.000164278
0.000148521
0.000145017
0.000145798
0.000144903
0.00014997
0.000149869
0.000145899
0.000144406
0.000151532
0.000144368
0.000145858
0.000152449
0.000161594
0.000153998
0.00014507
0.000147418
0.000148664
0.000145159
0.00014422
0.000150006
0.000143491
0.000143561
0.000143695
0.000147174
0.000143606
0.000155548
0.000152095
0.000154326
0.000147104
0.000149723
0.000147749
0.000142834
0.000143193
0.000145939
0.000146645
0.000157342
0.00015658
0.000152988
0.000145174
0.000147622
0.000147117
0.000144876
0.000142217
0.000142111
0.000148038
0.00016382
0.000170274
0.000154285
0.000163369
0.000149551
0.000141857
0.000144593
0.000141493
0.000142614
0.000143348
0.000142028
0.000141163
0.000141141
0.000143119
0.000145665
0.000150773
0.000148291
0.000148734
0.000148967
0.000147636
0.000152345
0.000147315
0.000149759
0.000170191
0.000151604
0.000151573
0.000146775
0.000171366
0.000158252
0.000167386
0.000161194
0.000174704
0.000159329
0.000174185
0.000165668
0.000168139
0.000160873
0.000174856
0.000189966
0.000206225
0.000192766
0.000190401
0.000206601
0.000169477
0.000169758
0.000145683
0.000146073
0.000140966
0.000139021
0.000145388
0.00013897
0.000138818
0.000139263
0.000140336
0.000149807
0.000154745
0.000148714
0.000146063
0.000155708
0.00015101
0.000141892
0.000143675
0.000138221
0.000144099
0.00013895
0.00016869
0.000164172
0.000228663
0.000207588
0.000201121
0.000202337
0.000230909
0.000167754
0.000193559
0.000178851
0.000199244
0.000176435
0.000165806
0.000166951
0.000163884
0.000154469
0.000163637
0.000140157
0.000137321
0.000136994
0.000136822
0.000137076
0.000138308
0.000145354
0.000136586
0.000147829
0.00013714
0.000136606
0.000137148
0.0001368
0.000136252
0.000136155
0.000136065
0.000145255
0.000136132
0.000139435
0.000163672
0.000177447
0.000193538
0.000179814
0.000175268
0.000188
0.000179943
0.000212033
0.000170078
0.00020334
0.000169608
0.000186671
0.000206913
0.00022097
0.00020961
0.00021985
0.000213647
0.000270432
0.000243971
0.000234764
0.000239755
0.000231089
0.00020119
0.000201796
0.000203236
0.000186602
0.000180908
0.00019867
0.000171389
0.000158245
0.000144945
0.000155314
0.000139252
0.000145264
0.000135362
0.000138712
0.000136151
0.000154476
0.000143504
0.000138187
0.000133903
0.000133963
0.000137083
0.00013647
0.000133132
0.000132901
0.000133291
0.000132999
0.000132769
0.00013259
0.000132522
0.000135181
0.000134099
0.000137067
0.000132906
0.000134423
0.000138737
0.00013706
0.000141772
0.000136355
0.000138798
0.000139959
0.000143983
0.000156283
0.000136988
0.000139363
0.000132782
0.00013185
0.000132335
0.00013287
0.000135624
0.000155267
0.000187733
0.00018989
0.000180593
0.000171266
0.000175015
0.000183817
0.000158736
0.000163664
0.000138997
0.000138218
0.000130596
0.000133337
0.000137739
0.000135095
0.000145239
0.000141291
0.000151939
0.000136544
0.000133895
0.000130371
0.000131103
0.000129683
0.000136895
0.00013072
0.000130882
0.000129738
0.00012941
0.000129736
0.000130113
0.000130209
0.000132495
0.000129341
0.000131083
0.000132063
0.000128892
0.000129226
0.000128552
0.000128461
0.000128886
0.00012867
0.000130603
0.000128172
0.000132555
0.000142392
0.000166008
0.000134979
0.000139162
0.000128091
0.000127917
0.000128156
0.000134969
0.00013332
0.000133967
0.000144414
0.00013255
0.000130136
0.000130428
0.000129932
0.000128571
0.000127009
0.000128323
0.00012696
0.000127762
0.000129337
0.00013366
0.000153528
0.000199838
0.000191125
0.000191031
0.000152572
0.000141171
0.000141451
0.000156822
0.000144721
0.000155386
0.000164185
0.000190383
0.000186019
0.000176368
0.000153426
0.000168044
0.000136966
0.000138433
0.000139005
0.000162082
0.000154386
0.000147274
0.000134774
0.000134798
0.000133216
0.000153845
0.000133281
0.00014462
0.000126375
0.0001286
0.000129297
0.000126391
0.000127932
0.000128946
0.000127959
0.000126012
0.00012672
0.00013247
0.00012632
0.000141106
0.00016371
0.000183562
0.000173705
0.000167916
0.000166068
0.000153113
0.000147525
0.00016608
0.000136017
0.00014101
0.000146943
0.000153176
0.000133979
0.000149578
0.000131072
0.000130635
0.000127881
0.000125831
0.000124257
0.000125738
0.000127625
0.000124142
0.000123339
0.00012361
0.00012206
0.000129517
0.000124666
0.000121883
0.00012639
0.000125737
0.000153994
0.000148457
0.000146864
0.000138443
0.000134612
0.00012485
0.000121725
0.000121049
0.000121103
0.000124576
0.000131355
0.000146711
0.000139545
0.000134237
0.000137854
0.00014555
0.000126622
0.000135688
0.000163402
0.000168021
0.000157737
0.000180007
0.000165131
0.000170281
0.000167683
0.00018158
0.00015309
0.00014613
0.000148832
0.000145823
0.000150392
0.000153932
0.000170938
0.000157272
0.000147548
0.000178449
0.000171397
0.000191913
0.000190348
0.000192592
0.000163245
0.000197379
0.000189741
0.000203617
0.000178227
0.000189555
0.000150993
0.000128907
0.000121731
0.000131201
0.000121024
0.00012026
0.00012208
0.000125543
0.000119358
0.000125977
0.000117801
0.000122024
0.000117348
0.000118544
0.000118119
0.000118675
0.00012095
0.000121331
0.00011738
0.00012164
0.000121092
0.000141774
0.000131337
0.000122451
0.000117605
0.000128065
0.00014078
0.000126663
0.000134899
0.000134811
0.000130522
0.000125615
0.000121449
0.000123827
0.000139497
0.000118882
0.000121211
0.000120516
0.000126518
0.000131656
0.000116271
0.000122889
0.000121504
0.000116395
0.000117498
0.00011822
0.000118227
0.000122693
0.000122566
0.00011825
0.000129748
0.000115586
0.000121922
0.000116057
0.0001162
0.000118532
0.000114801
0.000114364
0.000117488
0.000114326
0.000115815
0.000116592
0.000120457
0.000116253
0.000113487
0.000115162
0.000119887
0.000143699
0.000129908
0.000124079
0.000117464
0.000124602
0.000129679
0.000116769
0.000112731
0.00011315
0.00011738
0.000113632
0.000112356
0.000112315
0.000115965
0.000123177
0.000114201
0.000118052
0.000122928
0.000135551
0.000142296
0.000147172
0.000138048
0.00014008
0.000117243
0.00012795
0.000130021
0.000126174
0.000137323
0.000125807
0.00013258
0.000122838
0.000112209
0.000112774
0.00011176
0.000113791
0.000111971
0.000110786
0.000117806
0.000110393
0.000113292
0.00012045
0.000111865
0.000110143
0.000127349
0.000119791
0.00011523
0.00011678
0.000122031
0.000111401
0.000111827
0.000114143
0.000112728
0.000111894
0.000113777
0.000110011
0.000110365
0.000118336
0.000115162
0.000111516
0.000118194
0.000135888
0.000120244
0.00011586
0.000119015
0.000115677
0.000117244
0.000122331
0.000127144
0.000124664
0.000114911
0.000116887
0.000125279
0.000120715
0.000109676
0.000107981
0.000107803
0.000108159
0.000111344
0.000116683
0.000109579
0.000108994
0.000107724
0.000107365
0.000113171
0.000114525
0.000119297
0.00012739
0.000113678
0.000108547
0.000106927
0.000107623
0.000106578
0.00010714
0.000108113
0.000106516
0.000108468
0.000110294
0.000112996
0.000106139
0.000106111
0.000109646
0.000110947
0.00011717
0.000120236
0.000121669
0.000109349
0.000106127
0.000105915
0.000105806
0.000108377
0.00011898
0.000124058
0.000107784
0.00010994
0.000118815
0.000132783
0.000123711
0.000129572
0.000122655
0.000127295
0.000136799
0.000136065
0.000129925
0.000128272
0.000129433
0.00015509
0.000119746
0.000133883
0.000115949
0.000118608
0.000106271
0.000104041
0.000104451
0.000109382
0.000106393
0.000104317
0.000103984
0.000103594
0.000103874
0.000103432
0.000103366
0.000103663
0.000104132
0.000104195
0.000103666
0.000104119
0.000104172
0.000104656
0.000103201
0.000103063
0.000104731
0.000102894
0.000109014
0.000110434
0.000124893
0.000116685
0.000102445
0.000102173
0.000102606
0.000102785
0.000102091
0.000102106
0.000103396
0.000102731
0.000102083
0.000101648
0.00010188
0.000102669
0.000102753
0.000106279
0.000102791
0.000101351
0.000101569
0.000101455
0.000105564
0.000102063
0.000100973
0.000100871
0.000101095
0.000105637
0.000101558
0.000109614
0.000116898
0.000148439
0.000137057
0.000130975
0.00012698
0.000118968
0.000116642
0.00011234
0.000101845
0.000100778
0.000103182
0.000100824
0.00010021
9.9791e-05
9.96149e-05
9.96161e-05
0.000103726
0.000104048
0.000106009
0.00010461
0.000120034
0.000100655
9.91686e-05
9.9287e-05
9.94796e-05
0.000101025
9.93707e-05
9.97156e-05
0.000102035
0.00010229
0.00010223
0.00011382
0.00012471
0.000122224
0.0001421
0.000118154
0.0001005
0.000100887
0.000102242
0.000107478
0.000104041
9.90375e-05
9.98972e-05
9.86398e-05
9.79099e-05
9.91206e-05
9.73438e-05
0.000101814
0.00010135
9.75259e-05
0.000111924
0.000105277
0.000104463
0.00010056
0.000108342
9.79726e-05
9.72953e-05
9.7738e-05
9.67422e-05
9.89647e-05
9.86477e-05
0.000103588
0.000104481
0.000110446
0.000112959
0.000119937
0.00012326
0.000129197
0.000115102
0.000116898
0.000115729
0.000129478
0.000134377
0.000124688
0.000124718
0.000122528
0.000112638
0.000132532
0.000136104
0.000143047
0.000156792
0.000162
0.000168988
0.000160982
0.000125392
0.000145086
0.000144929
0.000133209
0.000136684
0.000135691
0.000130126
0.000130185
0.000108679
9.86321e-05
0.000110431
0.000118584
0.000114979
0.000106278
0.000109142
0.000122036
0.000124843
0.000139406
0.000148714
0.000147478
0.000182396
0.000134273
0.00014028
0.000161403
0.000175406
0.000157493
0.000164419
0.000177464
0.000187028
0.000184494
0.000178171
0.0001817
0.000211246
0.000158773
0.000121616
0.000121774
0.000136537
0.000128062
0.000116991
0.000108694
0.000119436
0.000119544
0.000106724
0.000102599
9.99346e-05
0.000109656
0.000103654
9.51645e-05
9.37287e-05
9.29562e-05
9.44172e-05
9.29726e-05
9.48991e-05
9.86853e-05
9.53013e-05
9.74234e-05
9.93097e-05
9.29466e-05
9.55584e-05
9.21565e-05
9.25299e-05
9.1625e-05
9.16728e-05
9.87e-05
0.000114092
0.000103764
9.41978e-05
9.24217e-05
9.11776e-05
9.2141e-05
9.37887e-05
9.38699e-05
0.000104833
0.000101786
9.32992e-05
9.5194e-05
0.000103891
0.000108035
0.000104504
0.000128374
0.000140798
0.00018205
0.000149127
0.000163706
0.00016343
0.000148802
0.000157357
0.00015306
0.000154048
0.000138112
0.000152099
0.00017037
0.0001634
0.000137562
0.000134249
0.000142526
0.000125862
0.000128326
0.000106645
9.14888e-05
9.70503e-05
9.24786e-05
9.19133e-05
9.44111e-05
9.33999e-05
8.97602e-05
9.0608e-05
9.05612e-05
8.93379e-05
9.0781e-05
9.01963e-05
8.91156e-05
9.55147e-05
9.43155e-05
0.000102914
9.96711e-05
0.000112998
9.72885e-05
9.43711e-05
9.09316e-05
8.84723e-05
8.83229e-05
9.37316e-05
9.24779e-05
9.12442e-05
8.80533e-05
9.1082e-05
9.13247e-05
8.92179e-05
9.84342e-05
0.000105712
0.000101962
9.91603e-05
0.000110457
9.57681e-05
9.3641e-05
8.96241e-05
8.95705e-05
8.92516e-05
8.85555e-05
9.01986e-05
8.93471e-05
9.32496e-05
8.87895e-05
8.89443e-05
8.69723e-05
8.89323e-05
8.81725e-05
8.78663e-05
9.48695e-05
9.32939e-05
0.000117397
0.000112174
0.000104726
9.49116e-05
9.07606e-05
9.79652e-05
9.16209e-05
9.09802e-05
0.000107265
9.88904e-05
9.63133e-05
9.18643e-05
9.04682e-05
8.67599e-05
8.58816e-05
8.57674e-05
8.58126e-05
8.61405e-05
8.9686e-05
8.58169e-05
8.56787e-05
8.54904e-05
9.04305e-05
9.34782e-05
8.85826e-05
8.73225e-05
8.5538e-05
8.57436e-05
8.50716e-05
8.50094e-05
8.74309e-05
8.48879e-05
8.57809e-05
8.50833e-05
8.48119e-05
8.47661e-05
8.56917e-05
8.71971e-05
8.45629e-05
8.45534e-05
8.45295e-05
8.57811e-05
9.02245e-05
8.83899e-05
8.80988e-05
8.44804e-05
8.82357e-05
8.65799e-05
9.98798e-05
9.98418e-05
0.000102209
9.40352e-05
0.000105047
0.000110449
0.000104478
0.000114097
8.61724e-05
8.81261e-05
9.7527e-05
9.14257e-05
9.63875e-05
8.51648e-05
9.58864e-05
9.64674e-05
9.3161e-05
8.46111e-05
8.33404e-05
8.34029e-05
8.45376e-05
8.37704e-05
8.32983e-05
8.32529e-05
8.84285e-05
9.84209e-05
9.48753e-05
0.0001061
0.000105241
9.47163e-05
9.29987e-05
8.27305e-05
8.29035e-05
8.26917e-05
8.31559e-05
8.85391e-05
8.33464e-05
8.28932e-05
8.25211e-05
8.29701e-05
8.22142e-05
8.22819e-05
8.45367e-05
8.78846e-05
9.16373e-05
9.40797e-05
8.56561e-05
8.81034e-05
0.000107206
0.000107583
0.000113682
0.000126197
0.000138656
0.000148908
0.000147194
0.000127839
0.000110043
0.0001184
0.000115719
0.000117257
0.000123662
9.6405e-05
0.000108702
9.41637e-05
9.08542e-05
9.87667e-05
0.000104667
0.000103784
9.24804e-05
0.00010325
9.95783e-05
8.95116e-05
0.000100495
9.76688e-05
8.46009e-05
8.12363e-05
8.25127e-05
8.37596e-05
8.39182e-05
8.20873e-05
8.52007e-05
8.19064e-05
8.24632e-05
8.48644e-05
9.0649e-05
8.27397e-05
8.03809e-05
8.01991e-05
8.09114e-05
8.32086e-05
8.66151e-05
8.34449e-05
8.31669e-05
9.02273e-05
8.92241e-05
9.78412e-05
9.52528e-05
0.000103309
0.000108449
0.000100139
8.82836e-05
8.83198e-05
0.000107977
0.000113774
0.000106261
9.12404e-05
0.000100172
0.000110794
0.000115211
0.000128449
0.000138332
0.000153271
0.00014582
0.000134929
0.00013018
0.000110564
0.000139444
0.000134185
0.000115407
0.000124449
0.000133148
0.000148997
0.00015659
0.000177571
0.000171139
0.000128489
0.000124668
0.00011514
0.000110487
0.000115442
0.000106426
0.000104539
8.4685e-05
8.16837e-05
8.10576e-05
8.07717e-05
7.81366e-05
8.37176e-05
8.74535e-05
8.91798e-05
8.12492e-05
8.24354e-05
8.59192e-05
8.68211e-05
0.000103976
0.000127142
0.000119336
0.000135072
0.000107192
0.000108894
0.000102325
9.60714e-05
0.000100122
9.9305e-05
9.16251e-05
9.69021e-05
8.25422e-05
8.363e-05
8.05435e-05
8.32127e-05
8.84254e-05
8.61369e-05
7.76689e-05
8.21792e-05
7.9937e-05
8.34115e-05
8.2831e-05
9.19915e-05
8.0093e-05
8.06098e-05
7.72893e-05
8.08745e-05
7.68957e-05
7.77525e-05
7.64788e-05
7.79672e-05
7.96837e-05
8.53597e-05
8.46274e-05
7.74719e-05
7.67841e-05
7.76715e-05
7.68663e-05
7.67285e-05
8.14775e-05
8.01851e-05
8.14157e-05
7.78163e-05
7.62055e-05
7.65006e-05
8.08671e-05
8.98179e-05
8.56598e-05
8.03113e-05
7.65258e-05
7.56222e-05
7.937e-05
8.5053e-05
8.13364e-05
7.60356e-05
7.56413e-05
7.58362e-05
7.89972e-05
7.90554e-05
7.52687e-05
7.54755e-05
7.52694e-05
7.66504e-05
7.69006e-05
7.66022e-05
7.50524e-05
8.17605e-05
8.56692e-05
9.70303e-05
8.27957e-05
7.96518e-05
7.49684e-05
7.59455e-05
7.55673e-05
7.53142e-05
7.55547e-05
8.53603e-05
9.39171e-05
8.83579e-05
8.71481e-05
0.000101341
0.000100633
8.72637e-05
8.27562e-05
7.73559e-05
7.90909e-05
8.0467e-05
8.57263e-05
9.21837e-05
8.57987e-05
8.48767e-05
8.54875e-05
7.94982e-05
7.52746e-05
8.04753e-05
7.52864e-05
7.8988e-05
7.94917e-05
8.29372e-05
8.03095e-05
7.98393e-05
8.75304e-05
8.6309e-05
9.1196e-05
9.0167e-05
8.41476e-05
9.10998e-05
9.23331e-05
8.85856e-05
7.96877e-05
8.59241e-05
8.22588e-05
8.42887e-05
7.75924e-05
8.90769e-05
9.34766e-05
8.93283e-05
8.32392e-05
8.03692e-05
7.86768e-05
9.74278e-05
7.9495e-05
8.73116e-05
8.65117e-05
9.27647e-05
8.10201e-05
0.000108117
9.70812e-05
0.000102651
0.000101858
9.58801e-05
0.000102674
0.000100243
0.000104302
8.95663e-05
8.73747e-05
9.57967e-05
8.35642e-05
8.07007e-05
8.00778e-05
7.60069e-05
8.07002e-05
8.35525e-05
8.18916e-05
8.89005e-05
8.26062e-05
8.18413e-05
8.08428e-05
8.24556e-05
7.718e-05
8.47063e-05
8.22518e-05
8.25564e-05
8.93127e-05
8.47584e-05
8.50481e-05
9.21579e-05
8.9526e-05
0.00010227
8.02472e-05
7.26068e-05
7.75084e-05
7.67055e-05
7.68764e-05
7.17112e-05
7.1843e-05
7.17699e-05
7.18416e-05
7.21507e-05
7.14447e-05
7.22922e-05
7.26452e-05
7.13641e-05
7.44639e-05
7.47884e-05
7.25965e-05
7.17069e-05
7.11691e-05
7.13378e-05
7.126e-05
7.15517e-05
7.11466e-05
7.09806e-05
7.12042e-05
7.10579e-05
7.36446e-05
7.93526e-05
7.732e-05
7.76952e-05
7.41651e-05
